783 1226 1316 1790 0 0.999844 
781 672 1320 1226 0 0.999838 
783 1783 1317 2309 0 0.999802 
1295 1225 1838 1788 0 0.999645 
823 17 1345 666 0 0.999643 
1299 671 1835 1223 0 0.999627 
206 1223 806 1791 0 0.999608 
222 666 807 1230 0 0.999603 
209 1783 808 2306 0 0.99953 
1293 1782 1836 2307 0 0.99953 
1811 1224 2360 1784 0 0.999422 
335 15 842 666 0 0.999386 
1318 14 1853 664 0 0.999349 
1811 670 2358 1220 0 0.99921 
1809 1782 2360 2301 0 0.999144 
777 2310 1308 2869 0 0.99905 
1818 19 2363 661 0 0.99863 
214 2304 808 2871 0 0.998235 
1285 2307 1814 2876 0 0.997091 
1794 2304 2346 2877 0 0.994422 
784 2823 1302 3342 0 0.734528 
248 2804 800 3347 0 0.656687 
1307 2824 1803 3341 0 0.623745 
